68452
68722
70540
71836
70369
70891
70000
70918
69388
68848
67534
69217
68875
68983
68164
72169
70531
71845
64780
71701
69334
72007
69046
67318
68947
70765
70477
70468
69037
68902
69865
69757
71296
68983
68200
66886
67696
70036
67165
67624
71611
65410
69478
73690
71134
71530
70783
70063
66481
69253
69901
69928
70360
69415
69757
69478
68344
69442
69712
70279
70981
72070
70576
67633
69082
69973
70621
68956
67678
67750
68659
68218
65995
69820
70081
72142
71494
66805
72124
70594
68722
70765
69271
71089
72160
67399
73915
71008
70603
70279
70468
68227
68524
72736
68641
73699
72664
67939
69100
69559
69559
74635
70090
67498
70405
66067
72097
71584
67651
64276
71908
69802
67948
67948
71791
71476
69550
72772
70522
71890
69262
68470
69730
71080
71611
72952
69271
69289
67390
69046
72421
68182
69055
69145
69091
73429
69271
69991
71809
67426
69676
73591
70819
70081
71485
69730
72367
71584
69604
71908
71773
71566
70774
71242
70117
69577
69865
72781
69991
72241
68452
71683
66562
67912
70297
71593
71746
68038
70189
67993
71881
70828
71233
68956
72349
67174
69271
67444
68515
68317
69181
71746
68758
70558
70927
71530
69505
72637
71314
71971
73474
67921
71413
68767
69469
68227
68758
68542
69586
67588
70837
68434
68677
70369
68776
68902
67021
71773
70513
69244
71188
69298
67570
68308
69577
70072
74050
71296
70495
70468
68650
70099
69235
66877
69253
72205
70882
70072
70333
72169
68155
69973
69145
71890
72790
71980
72142
68560
70630
66454
70135
69865
67975
68371
70288
68353
71071
65788
67066
66751
68146
69559
67984
69532
68218
71701
71278
68623
67732
68902
68605
68767
69451
69190
71350
72772
70675
68515
69442
72592
66742
70171
69838
68425
70045
69757
71116
69946
68578
68155
70243
66652
71908
71935
70297
73078
71926
69865
69766
68974
70423
71197
69379
68002
71629
71332
71260
66526
69307
68272
69424
70585
69253
66976
70765
69361
67507
69847
70315
70207
71206
70378
67930
71872
73735
69928
71206
70900
69892
71431
71206
71080
71683
68893
69172
69091
71818
70936
72133
70666
70675
69046
68713
68299
69208
70603
68029
68839
68902
65968
70567
71701
70153
71557
67327
73078
66247
71116
70117
70198
69829
71818
69019
69145
69892
71935
67102
66679
70288
67282
68812
71107
70009
68857
71971
69361
71665
71449
69901
70693
70459
67957
69397
71521
68200
69046
71332
69253
70108
67921
67246
69667
72259
68407
70909
70135
67651
71350
72439
69325
69109
69775
71404
69181
70243
67687
69766
70135
71800
70594
67984
74365
72043
70432
68704
68722
68389
71314
70891
68191
67948
70414
71413
70135
71296
70981
72142
71773
70243
66490
68101
71080
68884
72043
69379
70135
70270
68983
68551
68614
70666
68551
68623
68758
69910
68101
69649
69388
71062
69415
71746
70909
69199
68875
68731
70675
67183
71143
69469
67984
72079
69163
72052
73465
71008
69280
71836
69667
71800
69181
69811
68866
71035
67120
68461
67921
69748
71620
70450
72961
70504
65752
71017
70612
71089
69964
71917
69883
68668
69100
71179
68659
67561
69064
71386
70126
68506
68686
68569
71197
71593
69847
69100
68551
68164
70270
73213
70216
71836
69433
73429
69532
71305
70981
69271
67030
71710
68947
67894
70702
67912
71251
70909
70225
71233
70711
68776
69892
71809
71764
73852
71197
73177
72682
70189
67507
67768
70342
71791
69478
68461
69928
71233
70981
66427
71179
69640
69523
71791
73438
69217
71683
71404
70072
69559
68119
67939
66337
70117
69046
71062
68254
73699
68641
67966
66490
70423
73150
70657
67786
69919
72124
67327
67732
70135
69667
73897
68965
71026
66247
69766
71197
68767
66859
71278
70225
70477
69145
69523
69289
67408
69793
67777
68452
70342
72034
70675
69946
65779
70675
71872
68110
71215
71107
69442
70738
71800
72835
69190
69577
70423
69505
70135
69109
71152
69253
70504
70216
68425
67246
71476
67480
70891
69271
69811
71161
71881
68173
72331
72826
68560
70729
71791
71647
71467
74707
72736
70585
70216
69325
68362
69010
70720
70963
69892
72745
67039
70198
71287
71719
69640
72574
69667
70000
73780
69154
70522
70441
72943
71206
68911
67696
70072
70261
74329
67912
71413
71287
69496
68704
72664
69739
69649
69145
71800
70990
68875
68191
73438
68722
71431
68857
72421
68515
72277
69613
74014
68353
68443
68272
70126
72151
69352
71251
69343
69784
71557
68578
67282
69469
70936
71764
68362
70504
68434
71872
71449
69253
68389
70900
72898
71458
70639
69874
67147
71863
68929
71944
69559
66283
69811
69649
70369
68605
69955
67804
67264
70558
69100
70684
70270
72376
71872
70171
71980
71377
70378
75004
71611
68182
69496
69802
71512
69379
69469
71602
70441
70162
68596
70171
71503
69820
67732
67948
69082
71530
72502
71107
66904
73015
71503
70585
69649
74977
70126
73546
70225
70369
73627
70270
71449
71971
66994
68353
71872
70945
71584
70882
70135
72754
68632
70306
67795
70243
72232
68110
69469
68983
69946
67840
71179
69082
70522
72187
68767
67615
69676
70072
70396
73213
68650
71872
73249
68065
69280
68209
69874
67993
68974
72376
68605
68038
70738
69433
71080
72871
69100
68515
69676
72952
73051
70585
71116
71359
68290
68848
69586
70729
68038
66958
70630
72736
70486
68812
69271
69622
68155
70873
71998
67381
70378
69982
73114
69262
69154
66400
70072
71962
67417
67345
68272
67426
69298
67651
72169
68416
69091
65806
68227
67651
71161
69037
64672
69298
71602
71620
72304
69451
70243
68965
70090
68776
68596
69712
68821
70135
70648
69784
67678
70729
68110
70144
69892
67084
69802
71008
71350
66391
71575
71089
69550
72412
69334
72106
70945
67435
71908
69379
70702
67129
69892
70225
67732
71458
70081
70099
69082
66238
68722
67570
69739
67075
68722
71071
67228
68920
69118
70855
69478
72781
71719
68011
73078
70621
69424
70270
70999
70351
70414
71143
69604
70135
68209
70126
72574
68605
68587
68578
72241
70702
70081
70027
68074
70036
72502
71323
71332
70072
68542
69820
70441
71161
70279
69271
68857
69253
70378
70648
69415
70360
68083
68074
70612
72952
67012
69784
69802
70621
69793
69037
71494
69505
70315
70945
68983
65005
73240
71242
69946
67849
71080
68965
70603
70153
68632
72502
71386
70126
67588
68740
70918
69874
68749
68713
70234
69451
71377
69208
69865
72916
67525
71233
73537
69568
71071
71179
68812
70882
72178
70387
67831
69550
65869
69028
72034
71746
67057
69289
69775
68902
69424
65734
66616
71152
71440
69514
70117
66859
70639
69244
69712
66715
69442
70738
69316
68263
69595
72322
71836
70180
71566
69469
69784
68299
68848
71089
67084
70918
67102
69622
69793
71152
71350
70936
70630
67678
68938
69613
70027
70045
71593
72808
69397
70495
69478
69010
69982
70675
70054
71431
69100
71899
69568
71143
66085
68317
68650
69802
71062
70360
69199
71377
71332
70837
67498
68587
71566
70054
70207
70279
70432
67588
69001
69973
70909
69334
72772
70252
69118
72286
70765
69127
67822
67561
68677
70099
71575
69784
69055
71359
68821
70612
65581
67255
68497
71719
68992
68407
73114
70936
71737
69010
68902
68227
69262
73402
71548
71647
69523
68623
68074
71953
70909
70027
68758
69577
70738
69316
72322
70072
70684
67291
68281
68245
69334
72556
68470
70351
70225
67048
72781
69496
69640
69676
70981
68821
70819
70189
66517
70324
67993
71386
69748
67291
69667
67687
69883
71656
69505
68983
68173
69991
71926
69784
69901
71017
70297
69694
69208
70882
70432
70270
69253
72052
71170
70567
66634
70576
71755
69352
70846
72574
70522
71161
68326
72052
68110
67885
70945
73447
67282
70936
71341
68218
68821
69163
70153
67534
71503
70846
69271
69676
73285
69559
71863
72385
70495
68416
71377
68695
72628
71719
71539
72565
70126
67894
71143
71224
64780
70549
69712
71809
71314
73474
66760
69910
68065
69784
67165
67534
68569
71719
70459
71224
69271
71971
71377
70369
71593
73501
69820
71035
68785
71575
71512
66238
73546
69136
69721
72340
66454
72673
70297
72700
70810
71935
69730
69037
69694
72529
70819
69658
72169
68659
71818
69892
70369
71206
68551
69631
67561
68065
67732
71404
72970
70414
69964
70360
70126
69955
71566
71143
67255
69262
69523
70297
70702
69631
71188
71854
72376
72268
68920
68281
70396
67246
69658
71476
68605
68263
70576
73654
71098
68965
66067
70990
67498
68308
72448
70756
70270
70000
72799
72295
73636
70171
66823
68011
70306
70819
68020
68668
72187
69064
69262
72115
67102
70333
68173
72142
68524
69667
67345
71548
71080
69154
66949
67561
67390
72601
70630
71872
68281
69118
72304
71422
67588
70081
69847
69001
72268
70576
68713
67795
71116
69775
69469
72286
70090
69316
71035
72610
70315
68974
72241
70954
71440
68137
71080
70909
65275
68695
71494
70243
69685
71035
69325
71755
66751
70945
67480
71008
72844
69793
68065
68101
70351
70684
71053
67201
66499
70099
70405
66517
71152
70144
67471
70630
63808
65968
68137
71998
69874
70495
73006
72133
68497
69937
68200
70360
71305
68056
71053
71233
71845
66769
71800
69406
69100
71017
71422
69334
69712
68461
67552
72700
73177
68371
66346
69541
70774
69649
71053
69613
69568
69955
67984
71386
70405
70441
68299
67309
72493
71359
68452
65905
69424
71611
70531
70189
69289
68380
71944
70342
72016
71215
70936
66904
68794
68533
69919
68650
67507
68803
71161
69919
71080
73240
73123
69370
71179
72763
70072
67417
69064
69604
67066
70189
67939
71134
69820
70081
67102
69982
69118
67975
69181
70927
67120
69541
68281
65059
71674
69505
71188
71368
67741
68839
70549
70045
68155
67561
70027
70369
69883
70711
70810
68362
69532
72340
69568
70477
68299
69982
71557
69568
72493
71485
68812
68245
67336
73339
68218
69253
70783
71341
74005
67264
70297
71296
70801
70693
70954
70009
69649
68677
67849
70891
70540
70873
70873
68047
70414
69307
66616
69658
69523
69145
68299
72673
68947
69982
68731
71872
72241
71215
69010
68767
68362
70324
70144
72250
72817
71044
70999
70153
69001
74311
70504
68713
70297
68326
65986
70774
70072
71908
68821
69370
68497
71548
71197
71233
70882
71026
73042
68110
69721
72106
65500
69028
72790
69253
67615
69910
66472
69217
66742
71269
72619
69352
73708
69199
70054
69802
69397
73762
67741
70279
66463
69838
70855
70765
68614
68497
67570
68227
70504
71467
70333
69838
70180
70081
70261
67876
70045
69280
69919
65554
71665
71962
68200
72088
68416
67057
69433
69586
69739
71800
69262
68434
72448
70585
71440
72520
70378
70837
70126
68065
70576
67552
71800
69271
70477
70603
69487
71467
70666
68488
74428
67723
71341
69226
68497
69451
66688
68974
67624
69244
68722
69712
68308
69118
67525
71305
71854
70180
69748
71404
70045
68650
72511
68434
67066
68533
71233
69703
71719
71413
69874
68650
70090
69892
70909
69028
71845
71971
74293
69838
66157
69271
72259
70468
71881
69388
71152
69982
71386
71719
70306
67948
70729
69550
69793
67858
67831
73384
68047
68515
69496
66490
67318
69487
71089
68407
71404
71683
71395
72655
72358
69793
69955
67849
69343
70567
70351
70243
66886
69406
70648
71332
67543
71440
71323
70306
68632
69865
70864
71035
70198
67003
69802
70792
73042
70999
65986
70387
69208
69487
73042
66940
65086
69001
73195
72187
70783
68245
72529
70936
69316
67813
64960
66769
70513
69217
74338
69334
68236
66895
70072
71125
69334
69415
74041
68992
67678
70189
69640
71278
69856
69685
71683
69721
69532
69793
74932
69271
72214
68578
70486
69082
69487
72412
68344
70243
71971
69505
68821
68839
70999
69793
69172
67813
71134
66823
73735
69154
71197
70486
69370
69712
70927
67660
72754
70567
70531
69649
70252
69487
69928
67651
67606
67777
71332
71053
71314
71737
71575
71512
68965
68893
68767
71629
70279
68803
70936
66949
69982
72097
69784
71494
69604
72313
69703
68461
69919
71674
71989
68965
73240
69226
69901
69244
70333
72088
70711
71278
67003
69028
66679
71296
71017
71143
71593
68767
67813
66814
69676
68173
69190
69640
69856
68794
70144
70909
71305
69793
69433
71305
70252
67588
67957
69802
69793
71359
71107
68722
69775
71224
68209
71017
72367
71368
69496
70675
67525
66904
68470
67732
71368
70135
63223
67885
66454
68704
73627
72520
67480
69766
70513
71269
75130
67336
70765
68578
67903
68056
72214
71044
70630
70558
70738
69613
69028
68227
70918
70189
72376
67309
68425
67543
70648
70063
69244
67714
68722
72664
70522
70648
71206
72628
70000
71332
68488
69226
70270
68317
68551
71251
69676
69640
71458
69937
70702
70747
69712
70801
71251
70018
72331
69172
70576
69253
67957
71494
63322
67003
68209
68416
70756
68902
73303
72313
71854
70495
67228
73033
68047
69829
69289
71530
69226
70657
69496
67705
68857
69505
69082
68659
70477
70783
72070
67363
70522
71683
69649
71269
66202
68344
70468
67237
73591
69811
69226
68173
70441
72664
70288
71080
73384
70414
70351
68650
69325
71287
69514
71251
69055
70252
71494
68443
72754
71026
73123
67921
69640
70999
73546
69100
67363
72403
70540
70243
70675
70477
68704
69442
69964
65932
70711
70153
70441
70045
70261
69946
66022
68533
71701
72754
70882
69136
70936
69505
72727
70765
67678
70450
69046
69163
70162
70171
68857
72484
69730
71305
70693
70360
69568
71998
70927
68767
71098
69442
66814
69181
69109
72493
71197
69901
70252
70639
67273
67183
67318
69667
68758
71377
69865
69370
72223
70864
69874
70180
70063
72979
70306
72061
70153
70684
69595
71944
69955
66823
70981
69460
72484
73303
69946
71575
69883
69559
67795
73249
67597
69316
70900
70036
69334
74365
70333
70774
72421
68812
70738
71755
68992
69307
71215
70945
67507
68344
67570
70828
66130
70900
69658
67237
67480
67453
70423
69595
69226
67039
70288
68218
68434
72466
69802
70198
70909
69595
70432
71134
71053
69514
65707
67075
72295
69991
70027
68056
66436
67732
68020
70954
68641
68641
70468
68344
71485
65563
65761
69010
70846
71287
69127
70909
67867
68938
68398
68605
71377
68884
69604
67939
66769
68578
69604
67921
68074
69361
71152
67714
69586
70963
69037
68191
70486
72286
69667
70729
72007
69163
69847
68371
69118
68578
67894
69208
69433
71071
72142
70297
68722
69001
69829
73465
69505
70270
68308
72016
69181
68308
69766
68551
69802
70729
68335
68335
68425
69424
67273
70747
71836
68038
68929
67741
68344
71719
66985
69199
72907
67759
68416
71368
71422
73006
69829
71008
72583
68227
68083
71764
69829
69388
70261
69253
72430
68506
71143
70954
70585
67822
70657
70945
66967
72133
70315
70054
71035
70396
71890
70594
69253
70549
69505
69487
67156
71197
71692
72052
70261
70162
69505
69253
68668
68353
68812
67759
69244
69829
69271
64447
68893
71188
71809
71188
71584
69901
69226
67030
70450
70774
72187
68866
71431
69325
69262
70108
68632
70819
67489
71116
72511
68965
70279
68560
67543
67381
71395
69208
64735
67228
73573
70666
67966
70711
69397
70000
70333
70315
68956
69721
69856
70315
71440
70450
66949
71332
72124
70801
71116
71710
70072
68011
69100
69316
70045
69577
67723
72196
71098
68974
70189
72151
65977
69775
71035
69235
71791
70036
69523
70990
69001
72043
70261
70117
68794
70675
69280
68623
69919
69883
73699
68722
68722
67768
69478
70999
73105
67930
71089
69640
71386
71665
70045
69190
68893
67714
72178
70378
70468
73456
70351
70288
71170
65563
70198
69820
72430
68866
69613
69082
70468
69532
69568
69739
71719
69118
66868
69343
69793
73258
72925
72097
70198
68965
69127
69010
70990
69658
67651
72016
67957
68488
69730
70207
66346
71638
69001
73069
70666
68929
72637
71233
71584
71440
70369
67696
70225
71611
69964
70558
70036
71899
72961
71260
67831
71143
72007
67732
66670
69064
69352
67714
70945
70783
68560
71530
70990
67048
73231
69982
70540
71116
70801
70405
73285
71665
68074
73276
69973
68146
70333
69613
65959
70720
70072
69010
72916
67624
70684
70261
72340
68920
70063
69010
71710
68317
68506
68029
70783
69460
70558
71917
67552
66391
72637
68929
70171
68200
72223
68524
69802
69244
68974
68191
70288
70270
70477
66670
68803
67876
70603
71521
71908
67867
69523
71836
70333
72124
69226
69154
69280
70810
70828
68128
70657
69109
69307
71233
69325
67129
71782
63835
69532
71818
72367
69973
68470
69190
69703
69334
70792
70657
72115
70684
70513
73888
70540
70711
69982
70765
70513
67021
69991
67759
73708
70477
72835
72322
68992
69910
69424
68218
72538
68992
72952
71278
72277
68560
71134
69325
67705
71341
72097
72034
70036
71026
68893
69514
71206
68254
72241
68479
66868
69532
69856
71134
66166
68155
68560
70198
66733
67912
73312
68713
66787
67921
67408
69019
70504
70846
70009
68182
68839
67804
70396
67921
71008
69766
70495
68254
68758
67822
66625
71206
70351
67021
72097
72439
69163
73573
70378
72790
67435
69658
67498
68074
69388
71224
70207
71314
69415
70756
71449
68623
67570
71197
68641
69118
68821
67579
69037
69442
67498
71854
68353
71485
66868
67075
71107
68740
70090
69595
67300
73168
68191
71368
69694
69973
72610
72844
69856
69667
70576
68668
69622
70306
69325
71719
70351
67444
68020
70288
69253
72259
64492
70513
66616
69019
71278
67561
70954
70063
70549
71008
67768
69127
69739
71908
72781
70936
71359
72223
70387
71395
70531
70090
69532
71053
67138
70027
67480
67759
70675
70603
71377
70495
70963
70342
70045
71224
70054
70594
70441
70000
70783
72097
71620
70198
69154
70117
67921
69631
72655
68101
69451
68560
70090
67786
69001
70117
69685
69568
73168
72070
70495
71530
67210
71638
69766
73024
68470
70963
68830
70909
70450
66778
69829
68659
68857
72115
68677
68569
67210
70243
72844
69613
71620
67084
67930
68425
73294
69739
70936
71206
68677
69757
70315
70279
70450
73519
69046
68893
69226
71188
68065
70774
72169
70774
71584
69496
69721
67876
65986
69082
70756
72556
66976
70801
69577
68839
68074
69757
66364
71764
68551
72898
70819
69955
71917
71773
67453
70306
69829
70738
68470
66526
69055
72628
70954
69460
72349
67849
72691
69154
70972
71530
70009
71791
71071
71827
70459
70207
69145
69055
72286
69433
72736
71116
72241
69460
71125
68749
69730
68650
71683
70297
68434
69613
70261
68506
68884
68380
68065
68605
69631
68236
70369
70360
71107
67939
67183
68353
69856
69847
72484
71836
69469
68290
68227
70378
69415
70261
70504
74824
68506
70288
70423
68920
70702
72043
71602
68623
69991
67066
72358
72124
69820
69298
71476
72880
71971
67543
70648
68785
73321
69127
70378
70549
68866
66454
67723
70342
69433
69442
69586
70918
68938
68623
68515
68389
68506
69343
66445
69406
70252
70189
69550
68983
71305
68182
66625
71629
72403
65716
70216
66850
69217
70639
71692
68056
70792
68425
70018
68074
70135
67642
70009
72178
72880
69181
71269
69010
71575
69604
71071
69406
67435
74383
71350
70036
69946
69253
70072
71242
72376
71872
70828
68605
69253
72430
70270
73276
69388
73150
68920
69028
68704
67759
68560
69055
70747
70072
72826
68110
67435
71269
70342
74833
69469
71089
70702
67174
68884
73510
71665
72574
66022
73717
68011
71440
68938
68173
72124
70324
69127
70756
69928
69208
67579
75706
71341
71269
69694
68947
70531
67381
70873
69640
67030
71062
70603
70540
69136
69676
69883
69937
70180
73132
68182
71530
70576
69685
68479
69640
69217
68218
72043
67381
67831
71422
70108
69172
72574
69910
70729
71269
65761
72448
73060
69865
69001
70054
72187
69739
71350
67768
73789
67408
71143
69208
70324
67138
69811
70261
70090
69154
69793
70891
72475
72043
66022
69676
71188
70126
70486
71125
68911
69064
68938
71359
69865
70936
68551
70027
69199
66769
70702
69892
69226
71656
67642
67759
69064
71584
70504
68668
72718
71242
69505
70054
70306
72313
69451
66607
71746
68632
69010
71206
67201
69469
71125
69469
69757
67885
65644
71728
72592
70441
72286
70090
66202
71512
65653
67354
68659
67678
69946
69037
68821
70396
69991
69019
72916
71404
68173
69442
70252
70882
72664
70702
68389
68110
69820
71791
72187
68551
71683
71926
71791
69487
69028
68101
72250
68254
69307
71026
68551
68011
72655
65221
69136
67354
70999
66706
71341
68938
70747
68668
68857
71404
68911
69136
72934
67651
72412
69271
71323
72493
71467
68011
72943
72430
68362
69541
69991
70351
68506
67795
69595
68371
69145
68722
69676
66454
69307
68920
68965
71152
69640
69541
68380
69271
70225
68875
69469
69802
68515
68677
70702
70207
69550
72187
67399
67192
70801
70414
68263
68758
68929
65860
72052
71746
68119
68974
72223
70675
71485
69127
69811
68866
71800
71332
70873
71467
70009
69073
70774
69064
68740
71575
71341
69442
70450
70333
69676
73078
71017
69298
70873
69388
71125
67822
68974
66814
68911
71053
71062
68893
71701
70594
70135
69766
70153
69757
69532
69280
70369
72385
70504
67759
67678
69604
69145
69676
72484
71620
68416
68101
71917
68650
69973
70864
69748
69595
69910
74986
68551
69442
70504
71098
66139
72664
71890
68758
68920
70369
72673
71251
72340
68182
71116
70504
72763
70405
70180
68299
71404
69775
71062
73078
68785
66778
72565
72808
69451
69532
72007
67210
68371
72034
73195
68110
67768
68551
69334
68839
68506
70396
69676
67624
71737
70630
73528
69325
67390
71251
68011
70432
70234
64771
68470
68389
69622
68776
69622
70522
72448
71071
70270
67435
68182
69244
73411
67678
70954
69964
71683
68605
70999
67516
68371
68119
70216
66319
69199
69586
72781
69721
71737
71827
69388
71638
71152
72529
71197
70432
71098
69604
68461
69370
70306
67156
71872
68587
69172
69325
70765
68740
71035
68137
67534
69595
68884
69541
70936
70234
67165
66562
67786
65473
70162
73006
70207
71584
70324
72205
68785
68659
68812
72232
67372
69919
70774
74347
71350
71449
69748
69307
70405
69847
67930
70297
68488
66508
69775
70999
70450
67309
68398
70711
69838
70027
67228
67354
71944
69667
69946
71179
71899
70441
69127
68416
68821
69523
72763
70972
70000
70945
69217
69946
69955
67381
68812
69496
69577
69262
69523
72754
71971
68398
68020
71422
71116
68956
72421
70504
71521
72988
69883
69181
70279
70765
70459
69469
72907
67435
67642
69298
71791
69271
65986
69154
68380
72727
71638
67885
68704
70630
68362
70216
69982
70801
70936
72691
68173
70738
71080
71098
69847
69190
69613
70369
68290
71125
71395
67921
70414
68758
71512
71881
68596
71278
70027
69748
68929
68218
66760
71917
67507
71791
70099
68299
69208
70351
71602
69244
71224
69748
70333
68083
65896
70801
69937
70441
72016
69064
69928
66751
69658
70738
68533
70126
70648
70693
71098
68902
68074
67993
69964
69865
70990
71386
69163
70360
69676
67129
69865
71539
70747
71089
74482
71440
69955
68434
70531
71278
67246
72259
70594
69370
70486
68848
70495
69937
67750
69694
69829
68389
68029
69658
71692
70675
72124
69793
70612
69010
68839
70288
68047
68173
69091
69433
69748
70036
71701
65392
71233
68353
70261
69892
71107
69478
70441
68281
69379
67228
71656
68821
66319
68542
71341
70945
70198
70639
70999
69622
69595
70801
68497
69055
69937
69757
70261
71080
68767
70396
70171
68281
66490
70270
69352
69739
67327
68902
66319
72718
71368
69055
68902
69757
72511
72169
69208
66877
68902
70846
70162
70387
68911
67849
66184
70720
70180
73888
71638
70720
66724
69127
65968
66940
72565
70027
67768
69964
70000
70126
69091
73744
70333
70261
69433
70423
68803
71737
68722
69388
69991
65284
67930
67282
67939
73843
68569
72205
72340
66958
67624
69766
71944
67939
69631
69748
69370
69667
67327
74518
68029
68146
72349
71719
70279
68686
70873
68614
70090
71584
69208
72232
68497
69073
69847
68911
69073
69028
72025
69082
67669
70909
68560
69370
70090
70999
71431
70072
69532
74320
69064
66265
70468
68938
69100
70036
68245
73330
68299
69757
66544
71224
70360
69901
71341
69379
70531
73006
70657
70279
69451
72025
70405
69568
68965
68038
69604
71269
68794
68605
71935
69649
70018
69199
71665
67885
68893
66247
68803
68668
73366
71953
70810
65725
70315
71737
66463
70783
70747
70396
71053
69289
69334
68875
72016
67813
69064
70864
70252
70207
71296
69415
72907
71314
69856
72196
67966
72115
71017
70387
70531
72799
71377
69118
71737
71170
68704
70342
71782
69640
72178
68335
69649
71701
71134
66517
68812
69973
72421
71143
68866
71845
72565
69271
68290
70252
69208
68821
69046
68335
71098
70495
71782
74041
71737
70054
69478
66751
68758
69487
68344
71989
71035
70621
69109
71305
71269
67840
70576
73933
71512
69118
70675
70531
73519
67030
70891
71737
68551
68407
70891
67579
68398
70117
74221
70819
71116
70063
71134
71575
71890
70981
71386
69271
69820
68362
69694
70081
66760
67057
67453
71152
72097
69046
69865
72421
70513
72916
70657
68983
69604
70675
69091
66814
69253
72898
73870
69406
72079
70360
69109
71260
70477
67210
70549
70369
67777
72088
70270
67579
70198
71746
69082
69064
70900
69469
70351
70189
69550
69424
71053
66598
70513
70027
68128
71638
70909
71098
68758
72007
68092
69892
70234
72709
71962
70009
69136
69865
69199
68452
70738
70144
70225
70432
71152
67840
72835
69991
70558
71728
68146
71404
67039
71413
68974
70234
68731
70171
70486
73213
70117
67111
67804
69910
66724
69334
67273
70504
69712
72025
70198
73762
71494
69856
71782
69199
70162
67894
68956
66769
71737
70450
70270
67165
70468
69757
72718
65644
68389
70333
69685
69100
71458
70270
72898
69982
68857
66841
68740
70216
67390
69676
70261
70576
71845
69514
69253
68731
74518
69658
64861
69469
73285
71404
69100
72907
71584
69496
70144
69892
69532
69685
70297
70054
68443
70306
71017
69685
70918
69046
68776
71782
69370
69577
69829
70036
70666
69217
70162
69784
65941
70369
72979
72934
71476
71080
71773
70180
68245
69559
69208
69091
69487
69334
64510
68605
71566
70279
70531
67597
71170
69118
66589
67867
68803
70342
70351
69541
68866
71719
69064
67507
68686
69541
70135
68605
70909
69244
68884
69892
68587
66976
69937
71170
70945
69631
70018
68695
68911
70009
66409
69505
71197
71656
71215
71683
67615
70171
68101
70639
69865
74086
70117
71701
71350
72295
71602
67984
72385
67318
68947
68209
68479
69874
67723
68488
68893
71566
71062
67579
69325
70999
72412
70558
68344
68533
68272
67426
69262
69226
66940
70081
67588
70306
71287
69523
67705
68290
70225
65446
71665
70774
71350
70342
70873
68263
69217
69640
74347
70999
73519
70576
71152
68983
69397
67174
69973
68704
68821
71584
70108
69388
68848
72088
71647
67570
68875
69982
69811
69253
69487
68686
69019
68434
69010
70909
71098
69730
69190
67768
69451
69883
71782
71386
69604
70135
72700
68803
69847
68668
68857
70009
71593
67723
68119
70954
69469
71368
67957
68875
72628
70072
69532
69892
71962
72367
69082
67507
70216
71566
70720
71305
69478
70234
71242
70603
68569
70819
70342
69280
70882
69424
67111
67471
71143
68488
69262
71215
68731
68605
68623
65842
68956
69514
67687
68056
70369
67102
72403
69343
70198
70333
69964
67714
68038
68497
70711
68479
70999
71269
68596
71296
70774
68866
70558
71980
71881
69253
70063
71647
69640
73258
69694
70783
69703
67183
70747
67066
69442
70729
73951
68839
68056
72304
73474
67408
68380
69235
71737
70315
66778
69829
70891
72016
67084
70819
70891
69082
68452
66166
67075
71872
68911
70891
69856
68443
68695
70648
71332
68335
70819
72601
69370
68155
68749
69253
69073
72367
70387
68326
71098
68344
68902
68065
68983
68641
67912
73366
67768
69910
69343
69037
69478
69271
72502
69307
69982
73420
67408
67489
69784
68866
71359
70405
68011
71269
70099
69424
69559
69145
70270
69388
69073
71719
72052
69640
68110
71629
69208
71620
70819
70576
67867
69082
69991
69883
70756
70081
70774
69739
68308
70360
71323
73123
66787
67903
73186
72421
69514
68992
71395
71008
70306
70153
68353
66454
68992
66778
71098
70603
69604
70810
69172
67696
68245
70765
71980
68281
70900
71404
68848
68776
70657
69415
70927
67264
70774
70684
70855
66535
69946
69271
67345
69829
68785
68776
70036
70216
68650
68461
69775
70081
71944
67597
69352
71089
70657
68254
68182
69460
69712
71791
69991
69244
68461
71089
70063
69802
66832
69415
68398
69532
64699
72304
67957
71602
68902
70009
70153
67723
69064
70189
70828
71125
70567
71746
66103
70657
70072
70018
67714
70279
69406
69163
68362
71917
69568
69784
68515
68515
70324
69073
69100
71107
71755
71584
68173
71053
69055
66859
69199
68353
72115
65896
69748
67840
70576
70369
71053
70270
70774
70171
68290
70756
66562
69541
70531
68857
70153
70180
70468
69469
72034
71710
68767
71458
67804
70054
69811
69460
68479
65833
68722
68389
69532
66940
70432
71710
70036
70738
73033
69901
69091
70639
70747
69703
70207
69874
69550
71602
65842
68173
69388
71251
65716
72538
68074
71593
72340
72484
71998
71062
70522
73402
69199
67291
69748
67273
73051
67732
69883
70045
71755
73213
69055
67120
66760
73492
68677
68362
72367
70126
68578
70162
71728
69460
69154
68974
72799
67642
70036
70036
71008
70324
70036
67993
68200
70477
68443
68848
68857
72250
67246
68164
70441
70099
66499
68785
70297
68569
69577
69217
71440
70747
70729
67759
70261
69829
67921
69190
70513
71818
70783
71170
68668
69730
68974
68272
71242
70387
66670
74176
70243
69442
70837
68956
72007
71863
68830
68074
70306
68434
70198
69190
71710
68497
71818
65491
68848
69667
66769
68209
69595
68146
72655
69820
69172
69019
68380
69217
71296
70378
69721
69037
70153
70801
71926
69469
72376
69253
66922
70711
69784
69037
68794
68920
70693
72943
70297
70027
69766
68335
71449
70126
67237
69253
70036
67795
71458
69487
71134
68092
70720
73510
70612
71494
70576
72646
68839
70027
71800
71494
70711
71224
69280
68443
72286
66868
67993
72034
71701
70927
70522
70378
72529
69784
69091
70855
68938
70324
72232
68245
69532
69919
70234
68416
70504
69127
72403
69388
70594
69748
68281
68857
71530
71881
70378
69811
70225
72520
68794
70306
70954
69730
69883
67876
68425
71287
70216
68920
70351
71458
66805
70396
72178
68749
68866
73987
70630
69388
67912
71053
70801
72457
69199
66229
69910
67318
68956
71431
69496
70459
70891
68479
69640
71575
72664
69712
67102
69388
66418
69595
68695
68659
69100
71107
68524
68074
71998
69793
68083
67597
70288
70099
68920
70918
72007
70513
67840
69748
72529
71593
69703
67885
69568
70981
70171
73636
69937
69226
71206
71125
69829
69298
70612
68785
68641
66895
68731
70054
69802
71620
68830
71890
69487
65347
70405
70270
69829
68344
68137
70396
72115
69280
68578
67039
69937
70270
72511
69037
71350
72214
69100
69235
70018
70036
69784
71422
67228
68731
68452
68515
69361
69640
69478
72439
71737
73132
70117
64726
70738
73123
70198
70837
70180
68452
73150
70432
69676
71863
71890
68560
68407
71404
71836
74698
69064
69955
70657
67021
72709
67462
68209
67615
73897
72124
70477
69622
68650
69541
70279
68380
69811
70477
71755
71503
69964
70990
68488
71071
72034
66913
69622
70891
69874
68272
67417
73429
71089
67885
72205
66562
70126
71134
70828
68542
68236
68857
67462
68812
68551
69658
69442
72232
69946
69496
70036
71251
69253
72835
69622
72349
70054
70729
69775
67255
67876
71071
70783
65473
71440
69379
71674
72421
69766
70675
71107
70396
70594
67516
71737
71638
71467
68893
71449
68038
69577
71386
69640
71386
71494
71116
67894
68002
69946
69910
72115
68146
70891
69595
70954
71962
69919
72313
70018
71449
72475
71962
65788
70351
72241
71701
70279
68101
70423
67471
70549
67048
72529
71557
68146
68947
68983
68146
71557
69379
71755
69514
70765
71035
71809
68227
67777
71800
68776
71395
69019
69388
69379
72052
70387
68092
69289
68164
72367
68317
71557
67399
70621
69694
67192
69676
67678
67885
70765
71296
67372
70855
64042
68848
70495
72205
68740
69631
69226
67264
69703
67579
68866
70225
69919
72241
66373
70207
69676
67309
70090
73537
66859
68983
70225
70801
69586
70099
70108
68290
70297
70423
72322
72304
70630
69811
70054
68578
69028
70441
69388
70828
69577
70837
70351
64852
68695
70081
70468
68767
70819
69109
66679
67273
72295
70459
71350
68578
71008
69244
67570
67246
67390
71314
71287
70783
69541
68677
68524
70072
72178
69919
68119
69793
70072
67696
66634
66652
67417
72232
67705
70027
68614
71791
70666
70702
64069
68254
69604
68983
68893
69577
69892
73564
69532
70864
70441
69163
69838
67012
69037
69775
68371
72016
71044
69145
67390
71296
69163
69739
70873
70207
67633
68911
69964
67975
70639
69478
71755
70414
70693
73789
70162
71197
69685
68704
71728
69541
72628
67552
70306
69370
72331
66967
72556
74005
70351
71125
70459
69622
70522
69082
70396
69190
68434
71188
70279
70144
68326
67561
71071
71701
69973
68776
68056
69937
71674
68830
69397
68425
71017
69253
68731
70891
73501
66805
65815
70153
71989
70648
72601
71548
68119
66994
70900
75643
70072
67687
68839
68875
68893
68686
67903
69703
69757
69550
66247
71305
70333
73519
72547
70450
70090
69424
71404
68542
69424
70162
69226
66697
66904
70765
71089
69883
66697
71683
67885
68101
73042
69298
70891
68812
71332
70423
73591
69622
71899
69262
73384
70117
70423
66130
70738
68479
69820
69730
69766
70576
69298
70855
69460
68434
72754
72547
72286
68371
68479
70990
70936
69937
67849
71539
70738
67552
71413
70054
70828
66490
69712
71044
69712
72241
68542
69091
71467
68371
72997
66958
69487
66625
68965
72196
70306
70621
69442
68011
70252
67327
67588
71701
67696
67831
69523
70099
70459
72520
70027
68758
68488
69343
69721
67543
68857
69388
68128
73141
70558
72016
70171
69496
66688
68614
66715
70405
69487
73582
68101
70099
71917
68776
70360
71260
71404
71305
70981
71368
67093
68299
71998
69649
71593
72187
70369
68947
69856
72286
69154
68821
71476
69127
70432
69532
68245
68686
67291
69937
69793
70504
70162
69190
69181
70009
65833
68623
68308
67867
72655
70117
71548
69541
69046
68956
72043
72331
74230
70018
69730
71818
69532
71818
68038
68470
70585
66148
69136
68209
67579
69667
71026
68020
71053
68596
70252
69010
69640
65437
70342
70414
69208
71152
68875
69523
70522
65392
66931
70657
65509
70774
66832
69496
71188
70108
69775
68902
67525
70441
70369
71566
69334
73582
69415
69937
70765
72412
69703
69991
67516
70036
67588
67174
65536
69127
68254
71881
68488
69622
69343
70567
69640
70288
72439
69109
69892
70099
70234
68488
70828
69811
75634
71917
69307
70765
70837
71467
68380
70297
70486
68488
68749
66841
71602
66328
68398
70513
68686
70981
68182
72016
70783
70018
67399
70207
66796
67579
68983
72484
70144
66517
71062
69253
68596
69541
69865
70189
70729
69856
69676
72808
69631
71674
67687
71017
71449
71242
67696
72322
71107
69496
67966
71440
69496
70315
71512
70765
74113
70414
72142
68290
70675
72286
69127
72106
70585
71035
68389
68155
68443
70288
72772
69226
73159
69433
70081
67588
71125
70261
70126
69613
68848
70567
68965
70135
73186
70756
71647
71143
69100
68110
69478
70666
68866
72088
70486
69955
71197
70135
65896
69910
70828
69703
68344
70387
72223
68524
70207
68461
68893
70450
70405
70621
68650
69325
69244
70072
72511
69820
69622
71512
70360
67192
69856
71890
68326
69640
69910
70189
72691
68272
67633
71035
70891
68209
70351
72403
67876
69811
67507
72700
69532
72430
71467
69676
68416
67867
69973
71062
73834
73591
67435
69424
71512
67246
70108
71188
70684
71773
68299
70297
68776
72916
72934
71494
69325
70810
69712
71350
69532
66571
70801
68623
67471
68596
68389
72016
69919
70711
70954
70855
71179
71485
68956
70531
70477
68128
69946
70027
70378
71890
72286
68875
72016
70684
70738
71350
68641
71836
72529
68227
71818
69721
71899
70018
71323
72367
68839
73024
71980
71332
69514
68983
72052
70792
69127
65716
71143
66976
69226
70054
71692
68911
69262
69559
69199
69280
70666
70639
67768
68434
69019
71800
68470
70567
69622
69658
70990
72826
68317
70666
70099
67129
67768
69775
70927
68443
71494
68236
69001
69703
68659
70144
72088
66517
71116
65374
69343
68983
68920
67858
70279
68596
69793
71152
72691
69235
72826
68416
71080
67273
70351
69694
72133
69010
70837
69415
73915
69874
69451
69226
71161
70918
69199
71152
67534
69415
70756
69118
67660
69091
68596
70972
70711
70864
71017
73546
71854
67048
67489
69685
70810
72979
69757
68110
70477
67030
72358
69694
71998
67939
72088
70954
70837
69784
66652
71098
70252
70423
68533
70180
68929
68713
70810
69073
70999
70783
71413
66508
70279
68083
71746
69037
67705
73591
70603
70810
71188
70684
69658
73618
70297
67768
66211
70261
69037
71458
70891
69028
68524
69496
70792
70594
73186
69550
70747
68785
68704
69982
73429
70000
70792
70261
72034
66967
70117
70423
68740
68227
69028
70828
67975
72007
69622
70153
70531
68425
65716
70414
70576
67444
69397
68668
70747
70153
71584
72979
68893
68731
71881
69433
68092
72574
67849
70639
70369
68677
74158
68137
67318
69964
67669
69127
63556
69874
71701
69775
66085
70630
69784
69586
70171
68488
70666
66553
69145
72214
68704
70414
70405
68857
68551
69496
72133
69469
67048
68848
70459
71152
69640
67381
67381
71701
69442
66454
67291
71107
71944
72925
67975
72790
69550
68938
70369
70288
69181
69280
71332
70693
69334
67966
68704
69280
67111
72151
66967
66967
70234
70396
72340
72754
66922
71260
69379
73519
70891
71413
69568
72862
70549
67480
72034
70891
71890
70882
73114
70045
67264
69595
70090
70981
69451
70198
70333
72439
70027
66481
68605
66076
73969
73042
70279
69568
68074
71683
67921
69550
76381
70234
70675
68623
70144
70459
68488
71737
70774
71044
69235
67030
67849
66715
70009
66508
68209
69334
70657
70045
70117
69397
71494
69019
70477
69433
68659
68776
69973
70945
69055
72394
71467
69901
69982
69775
67561
67354
72403
69766
65914
71125
70801
68110
70162
70495
70630
69892
70594
69901
74851
72727
71719
68389
72619
69037
68956
72664
67534
73006
70486
71251
71647
68569
71260
70144
70576
70621
70441
71629
68344
70342
69523
69532
68911
68299
69838
69334
70693
69289
70342
71458
68209
70027
71521
69757
69460
70900
69622
69055
71170
66832
69559
67318
71053
72925
71035
69532
71053
72502
68659
69145
69937
69604
71188
68290
71827
71935
70018
67912
70180
71422
69937
70666
65149
68551
69343
69946
68623
71107
72043
68983
71989
70855
69586
70090
71503
69442
70423
70945
68398
70846
69847
68398
69865
68146
71026
70351
70945
72295
72376
70189
69370
70693
68362
71170
71971
69217
69523
70018
68578
68740
69856
69469
71728
72700
70108
70153
70333
70063
66751
69082
68659
69370
68164
70936
71521
69010
73177
71485
68992
68623
71440
66526
70135
69064
69586
70468
70297
71071
69523
68866
67345
69622
71098
68515
69973
70612
71422
69631
69253
71161
69802
70108
71728
70828
70000
70171
69208
68812
71314
73537
67030
71773
69460
71926
68119
70738
70072
70378
69820
70450
74266
68155
67354
70639
68425
71197
71575
71710
69001
68704
67615
68236
70558
72448
67912
67723
71944
66868
73150
74338
71602
68578
70351
68281
70729
70729
71449
69964
69550
69451
68452
68065
71962
69127
67651
70873
67975
70351
71485
70936
70711
71386
68020
69100
67507
70108
69118
68290
69784
70027
71017
70486
68164
67390
70954
70981
69883
70270
72331
71242
66292
69172
70900
69766
66589
67444
68848
70513
69118
70072
70558
68425
70612
68533
69955
70504
68686
68947
69199
69766
67858
68857
69703
69703
68686
69091
68605
67354
67921
71269
69451
71710
68713
69064
69010
69460
68974
71296
70324
69739
68452
68119
66616
71719
67552
69613
69928
72439
71980
71782
72403
71557
67129
71476
68965
67975
69802
71737
69883
70594
68119
70234
72214
68326
70585
68569
68101
70873
72016
70063
70162
68146
69406
72232
73042
70351
71530
70009
70747
71053
67273
69262
71206
70729
72133
71089
69145
70018
71386
67354
71701
68893
71638
70549
68965
68119
69208
69307
67687
72466
71890
68830
70657
71062
68092
69721
70153
68713
71278
70981
69082
71908
67192
69919
67849
68596
69496
69874
70405
69235
67543
71764
68128
72646
70072
72601
69766
68956
69163
65932
70477
71440
70711
66607
66121
66274
67552
72772
68992
69775
71035
71080
67489
69766
69541
66598
68587
69046
68533
69541
66490
68182
72799
67300
67759
69190
72223
70567
70360
71116
71098
67804
69928
72502
71242
68695
66211
68029
68218
72124
71080
71404
69208
68776
66778
71809
70702
69910
70801
69370
70414
70981
72124
71035
69217
69856
67894
67786
70666
72169
68362
72043
66769
69028
65671
72205
70108
72511
71926
69208
71647
67372
72124
68542
70873
67714
67984
71755
67966
70189
70531
70558
67750
70918
68533
71674
74131
72988
68803
72070
69550
70567
69433
71719
71215
70963
67876
70792
71926
70378
70909
72457
72205
66103
69406
71359
70522
68866
68902
69226
71161
73069
71224
68209
68083
72079
68920
71737
71296
70576
70549
70531
68272
69604
70288
69109
66175
70792
67885
69469
70639
69721
72898
68506
71827
69127
68551
70027
68218
72277
68371
71386
68794
67651
68371
68713
70810
69298
70999
70333
70180
70153
69730
71044
70873
73564
68119
69343
70855
70378
68209
69946
70765
70396
71755
67615
69766
67210
69289
69712
72664
70549
70657
70441
72295
66697
69946
68011
68461
70261
69748
69379
69622
69010
68164
68659
71611
74257
71701
70342
71233
69343
71701
75643
68992
68821
69937
69298
68686
67741
70720
68092
69550
70486
69991
67939
68083
70612
68785
70621
69046
70774
68056
70918
70342
68839
70333
70306
68704
67498
69316
69379
67795
69775
68407
67075
69973
68857
69307
69577
69757
65185
72403
68695
67588
70918
70162
68182
69694
70315
72826
70036
72808
70648
69199
68866
70045
72232
67273
70963
69253
70207
69865
69469
69244
69550
69397
71629
68002
69541
70738
69091
70792
70252
71071
72538
66976
69838
68029
70576
68317
68560
71233
70495
69334
73240
69379
68461
71818
69118
70405
69982
70981
67273
68695
72466
70387
71836
69334
70072
70288
67399
69172
66508
69343
71485
68848
70324
67174
70765
71413
69802
66670
70162
70423
70234
68587
70180
68461
68065
69874
69604
70738
70612
69118
70027
72376
69973
71242
71431
68497
70594
68308
70369
70009
70171
69703
70513
68416
70882
68299
70414
69901
69523
70207
69892
70954
69487
72970
69091
68227
69352
64474
73951
69901
68641
69910
70405
69433
70738
70927
67741
71863
69136
69595
72889
66175
70450
70882
70576
69865
68704
71548
69325
69541
72304
69649
69181
69919
67462
68407
70873
69946
67489
68776
68254
68857
69334
70198
71359
69163
71197
70927
72493
69028
66400
69154
71944
69937
70657
70252
68479
67786
67129
70720
70675
68623
68047
70819
68020
68434
71458
69037
70468
70711
70612
69667
67759
68713
70711
69172
69469
70630
67255
69109
70594
68731
71422
70729
71062
68398
69964
67336
69190
70495
71224
70891
68956
68992
68614
70873
68830
70090
67156
69901
66553
72205
71053
70666
69811
70531
70945
68371
69442
67444
70252
70927
68371
71881
70288
64330
68542
68848
70243
68767
69370
71350
70441
68650
68263
68362
72970
68344
69874
68380
70936
72115
68173
69289
69577
66868
70711
70513
70117
70756
68983
69127
70855
72385
71791
69262
69892
72835
70162
70324
67399
72079
72961
68830
71710
70729
66778
70144
69973
69649
69091
69694
70090
70117
68371
69811
70027
72529
70486
70288
71890
69118
70081
70387
70306
69136
70189
67660
71773
68767
67831
70009
70369
71278
70738
68713
68434
70108
68812
71053
71503
69406
71746
67930
67093
68812
74032
69325
69262
69694
70324
68569
71971
69379
70936
69226
71458
70000
67948
68794
71323
69217
65806
72502
71197
70180
70459
69694
70468
71053
71089
74392
72403
69154
68326
71494
69199
67093
68812
69343
70972
69685
70306
70648
68632
70621
70801
69127
67615
72034
68164
71539
68722
70225
69586
67921
70873
68317
69064
69523
70585
71053
72097
67948
68002
68542
70729
70783
70117
70072
68362
65509
70549
71413
68470
71683
73861
67489
71440
70009
71053
69523
71305
66886
68200
68407
73618
71917
71026
67246
69595
72277
72106
67948
68758
67615
72439
69604
70693
70675
71926
69775
69298
73870
71845
73195
69424
70585
71089
71494
68767
68938
68641
72412
70297
69955
70270
69892
69865
68515
70378
69973
68101
70054
70189
71350
70108
68848
73069
72466
71809
68686
70324
67705
73384
69928
73690
68488
72340
70891
70027
73960
71602
67840
70279
69514
68443
71944
69595
68713
69460
71080
70324
72862
69280
70621
71035
70036
71980
72412
68740
69748
69865
68002
69541
71818
70036
70828
70099
70225
69487
71314
69163
68632
69694
70657
70972
69685
70558
65995
67255
69919
69802
66517
69910
70981
70828
71179
69667
68164
72430
68200
68047
68542
70054
68533
69793
69901
71863
67624
72205
67849
69019
67543
68758
68191
67318
67876
68839
69334
70522
69190
72205
67210
69010
69235
72790
70081
74293
71782
70099
69883
69001
69721
69721
67669
69226
69424
71206
68821
69973
73312
70216
70738
72070
70342
69406
72367
70666
69910
67822
67903
67993
69910
71836
71422
69154
70261
66742
70333
72295
66040
68200
72448
70711
70351
70738
67975
70531
71251
69658
68047
67156
67903
66796
72178
72727
70414
67732
70513
70351
68776
65932
63331
71602
69190
70945
68011
70297
68596
68488
68128
72610
71098
69712
70549
70351
69280
67255
68776
73987
70891
70873
69919
67462
70792
71350
70072
70918
72259
70693
69433
66355
69847
71017
68317
69208
72565
69073
70243
69649
73222
68416
69685
70792
68686
72025
72943
67102
68461
71062
67831
67489
72898
69649
71323
68632
71287
72214
68965
71098
72277
71062
69127
71917
72655
72169
67867
71800
68749
69586
68092
71620
70009
67642
70612
72124
71827
71089
70630
68686
70954
70360
70063
69568
68290
68326
68056
70297
69244
71395
67633
69640
71602
69028
70369
69838
67417
69541
72241
67165
68749
71224
72421
72574
71467
72403
65761
70081
68506
75643
69829
71575
70531
71035
65311
72340
69640
71989
68218
71584
68056
69181
70441
70144
69901
70855
70945
68974
67822
69325
66697
69748
74446
70747
72124
69496
70207
71503
70405
72205
72106
74212
72313
71809
70801
68776
73951
67390
67156
72259
68146
70252
69217
69352
70522
70549
68416
72529
69775
69136
70036
68533
69136
67867
68911
70315
71494
71764
66049
70837
69298
69073
70882
70558
67534
70441
70819
69586
70252
71827
67696
69802
69307
70630
68650
68641
69289
71449
70495
69460
70522
70756
70360
69712
68902
67048
70234
69937
68128
68848
72547
70117
67345
74311
72340
69352
67273
68776
65833
69838
70000
71548
72034
70234
69793
68623
69757
70603
71404
68902
67939
69604
70567
70909
67615
69064
71962
71332
71827
67750
66886
68020
69865
70945
69289
69190
71413
68992
70333
70522
64762
69577
70918
72934
72259
70054
69928
70225
71323
70774
71287
69217
68083
71809
71575
70252
68425
69883
70666
70594
70945
70369
69181
68956
68578
72133
68452
73123
68461
70684
69793
72457
72079
71098
70405
69127
68020
66616
71719
70999
72691
69775
69442
71827
70027
71152
71728
70819
65860
67516
72403
71413
68551
70585
70135
68344
74455
70918
71548
69793
71440
68056
71413
69334
67336
70171
65671
70045
70873
70360
69280
66706
67750
70585
69451
70657
70432
69685
68677
69532
73591
69460
71359
70369
66598
67813
67822
68074
70855
71566
66283
68236
71404
69433
66715
70045
70027
68443
67408
69082
69955
69046
69145
70108
67588
71917
67174
68929
71791
70054
68407
70576
69316
67885
70108
68326
66310
69271
71161
68929
71773
70063
72259
69424
70135
68074
67570
69082
70243
70000
69973
71719
73087
65581
71116
69568
65950
71179
70189
69514
66175
68272
72916
66562
68398
73285
70135
69982
69703
72214
70045
70423
71197
69793
69730
72421
68011
70513
69001
72430
68488
67372
70936
69685
68731
68542
70675
71557
66517
70405
71233
70045
67489
67606
69235
69091
68695
69379
69379
65428
70072
68164
68551
70324
70288
69694
66751
71764
67984
70297
70036
68794
69793
70720
69064
70720
70999
72511
67219
69019
71944
69748
67921
69505
69145
71467
71827
67552
73195
66787
71287
70963
67723
66850
72556
68488
69550
72826
67651
69892
71413
72178
69487
67903
67165
67804
70486
70558
69937
67894
70459
70999
68956
67885
68632
71026
68902
72205
69541
71062
69172
70702
71683
70711
69883
68002
72232
70549
72547
69928
71287
68614
70270
69316
66535
69505
71656
67876
69406
68389
69550
69055
67975
70270
69874
68452
69352
72169
70549
69424
70603
73186
69505
72718
69478
70981
65320
70747
71512
66454
70405
71629
71854
71728
67543
72043
68263
71647
70414
71197
69118
71440
71026
68218
70999
70981
70090
68767
68830
70054
69487
69361
71953
71035
70900
69676
70468
69505
74293
65554
70819
69964
69226
69883
74122
69442
68767
71017
69703
70612
70783
69991
71953
73177
69802
69919
71170
74086
71836
72340
69604
70954
67705
69820
68353
69568
66364
64762
71647
71953
68551
68641
68632
69163
73906
68677
71134
69199
69685
69388
70126
71080
70801
71782
68290
72394
67138
70927
69046
69775
71026
69577
72475
70162
67750
72322
69748
71026
70081
68641
72259
71944
68533
67993
68794
71080
72619
73888
70468
71314
69145
70900
69451
68299
67417
68668
70567
75265
69127
68317
70855
69298
68974
68902
70477
70018
69307
66778
70207
67318
71656
70999
70927
68650
68911
71485
66940
68002
70603
69748
68398
68029
68740
68101
71152
72592
69343
72205
67741
68893
67849
72457
66805
74329
68947
70531
69991
68227
67876
68038
71008
66571
69055
65869
71638
68596
67966
70918
69793
70837
70621
70252
69145
73942
69055
72394
70360
69469
71890
71566
70135
72016
69451
68830
70225
69937
69532
68497
66418
70837
67840
70630
69793
71665
69649
69874
71467
70216
68047
70666
67831
72682
69190
67552
70486
66328
70702
71431
68758
67255
68866
68929
68803
69874
68803
69505
70972
66787
68011
69145
69352
69271
71692
70711
71710
70936
67723
70324
68605
71692
72115
67390
72475
70405
69289
67102
68488
70918
69586
69307
67579
70747
67768
70135
69892
71656
69559
70603
70864
69181
69037
69892
69703
67939
69982
69532
70333
69838
69946
71665
68677
67678
68596
66193
71386
72826
69496
71530
69298
70144
69118
68704
71683
70999
70279
69766
68641
71386
70342
69658
68875
68299
69757
72664
71278
72673
69964
72520
70945
69901
67597
68335
69109
68002
69019
70216
68254
67633
67021
68686
70234
71503
70207
71431
72205
70729
68929
70099
69172
70639
72124
69154
72277
68362
68245
67399
72016
68353
67678
70765
70288
71206
70135
67237
67615
68227
70423
68974
66265
71458
67813
73258
70036
72331
69748
68785
69595
68101
69550
69820
70639
67588
67120
67885
71530
71944
71764
70774
70180
71422
70486
68236
67669
72403
67390
69901
67048
71179
70630
70306
68335
66445
68902
69028
69946
67714
69289
69676
69775
69190
69307
68308
69316
70567
67894
69676
68281
72988
68425
69316
69541
71044
70576
72286
70297
70441
71062
69586
69001
67408
70198
73699
68731
71134
69388
70729
72259
68722
70891
69388
71377
70333
66553
70036
72700
72079
71773
68578
71431
69163
68983
70441
72943
66742
69910
71044
70153
70972
71863
67651
68857
71296
67255
70945
69667
70378
70873
70837
68362
70711
70747
70009
70648
69082
68920
69244
71989
68731
68173
69406
68560
71026
67462
71962
70396
70549
70882
68272
72718
68704
70009
72880
72898
70351
70765
69883
71368
67480
73483
69352
70153
67894
72727
67768
66814
67579
69694
70063
64159
72862
72673
70621
66985
68938
69046
72529
70765
70342
68515
69613
69505
69064
68614
71323
70954
69748
73807
68857
72520
69442
71278
69946
68209
69955
67111
70126
71773
68704
66589
71719
74113
68578
69100
72277
68353
68218
69370
71872
70558
71260
70873
71035
68443
68812
70063
70036
69532
72844
70216
69343
71512
67282
71206
69550
69928
71422
68695
69307
70315
68497
73411
68605
67525
71647
71521
70018
66544
69541
69118
69100
70900
68839
68515
71188
67867
71944
68425
70954
69748
66202
70900
68434
69280
70189
69865
69811
72088
67786
69577
67381
69424
71359
68443
67759
69676
68254
68812
71629
70900
72907
74437
72295
72043
72421
71467
67480
67678
71422
69316
69937
69622
69973
67327
69550
70738
71287
67660
68515
69217
65509
71395
73348
69730
71962
67966
74311
70063
68830
67939
66067
70009
69973
73330
71818
72565
71098
67057
69748
69361
70873
69847
63205
69631
70405
71854
70810
71359
69964
72484
69901
70639
68659
69145
71539
68506
68902
69487
70711
68443
72259
70972
69298
71557
69766
69865
73510
69910
68794
71233
70630
74266
71035
71062
68362
69874
69910
70036
68785
71188
69172
70747
73888
69001
73339
66544
68794
65923
69208
70423
67246
69460
67921
70648
71431
73348
69316
71125
71170
69910
68128
73726
68425
69748
71413
70783
71017
68848
66625
70936
71638
73726
68272
71197
68020
68848
71827
71485
72700
67921
68290
68047
71071
66031
68488
67912
66787
70369
68290
72016
70162
65842
71170
71413
66994
71233
68191
72817
68794
68191
70171
71557
70216
69487
71152
70342
71485
71908
67471
70369
67003
69496
68047
72313
66796
69289
66337
70522
70810
73366
70189
69154
71782
67957
71161
67705
68434
70909
70027
69739
72160
71917
70882
69253
66832
68407
70756
66301
70396
70378
71440
69334
69667
70063
73159
65689
68830
71476
65761
71206
74500
72043
69460
70486
70702
68515
70675
70495
70792
69496
69802
67993
71656
70621
69172
67993
68029
70315
70000
67219
74149
69145
71080
69937
68065
70603
70432
69262
67759
67732
70612
69991
68299
70648
67174
69946
68659
68848
71890
67579
70873
72187
70486
68956
69298
71332
68821
69874
70783
72241
66103
73555
68650
70009
69658
70459
69829
66679
69802
71224
68245
73708
68794
72079
70423
72124
71548
70477
69640
71071
69712
72448
70216
72106
71269
67705
69838
67480
69793
70126
72097
72439
69739
69127
68065
71368
68794
70117
68812
69829
71764
70090
67417
71179
71584
72601
68884
69298
69469
70000
70918
69676
71053
68173
69874
68299
72196
68299
70972
70414
72052
70306
70378
67039
71197
72259
72556
65725
68830
69577
69694
68992
72961
65662
71404
68758
67552
68983
72835
72565
70531
67156
68002
70036
65365
71377
67606
72349
69397
68605
71827
70513
67966
72700
70441
72043
68848
68110
71323
69091
73312
70261
70081
71035
69847
71080
71044
68470
69631
72394
69847
70963
68056
71998
69379
71998
69685
68110
65473
67480
67039
70972
72007
69073
63862
68434
68263
69613
67147
69685
68830
68083
71692
72259
68767
67795
68848
72322
69757
69163
70630
71188
71260
66607
71755
70297
72151
69910
72430
68614
68326
70954
72493
68794
70909
69685
72565
65392
71026
72286
70072
68398
72259
69676
70981
69037
68893
70441
69946
71800
70063
70270
67741
69100
66886
66607
68605
71116
70396
70603
68065
68425
71917
71890
69604
70711
70000
68668
70072
69352
70036
66778
69901
71629
68965
69199
69919
69415
68992
67858
67660
68821
70324
71701
68893
70234
70648
69415
68992
69451
72340
71836
68704
70972
66229
72484
71071
68992
68992
69370
69865
71107
70396
72331
71980
71107
71422
68029
69217
71089
69262
69253
67318
70657
69253
69154
69541
68938
68857
74653
71215
70018
70819
68047
70675
70477
69883
71710
70675
72520
68560
71305
71719
71224
70072
67381
71701
71800
68434
67300
72457
71107
69217
72025
68848
70594
68893
68011
70459
70486
67795
68659
70027
68218
67975
70612
70729
69397
69550
71134
69703
68200
71737
69667
69523
72637
71818
68965
68605
71107
71404
71971
69379
67309
71143
74545
71710
69946
69784
69883
66346
72646
66742
70261
71719
68695
71683
69397
67336
69523
70828
67912
73717
69154
69172
71170
72241
72025
72358
67705
71863
68245
66535
71251
70738
73825
68227
65491
70198
70414
70576
70900
68506
72745
69001
70054
69856
68389
68560
70369
70432
68191
69811
67768
69793
70792
71575
70531
68155
65950
70126
68668
72898
71575
67363
68803
70360
69145
70522
69019
68245
67948
72376
71647
70441
69433
70999
69775
70495
71287
69127
68740
70909
69613
71728
67471
70954
72673
68452
70036
68785
69928
71971
70945
73159
69163
71206
68452
67876
71206
69451
72493
69793
72088
69550
72268
69055
70279
72133
70972
70927
70675
71215
67372
69208
67921
71728
70810
68254
70045
69289
72223
68389
67777
68794
69370
70351
69658
71872
69397
71269
71512
69406
71836
66580
70729
70864
72529
70216
66571
70846
70333
72808
64906
69694
68002
67399
68641
69622
69037
69640
71179
69055
74050
71620
69541
72952
67840
70414
72556
70342
68056
70468
68497
70432
69109
70072
69793
68119
71449
68920
69622
72124
72304
71494
69280
68200
69217
70783
69829
67111
69433
68020
69415
70585
68218
68569
67750
71926
68146
70963
67696
70288
67336
69883
70504
68983
71674
68848
67633
66508
73204
66229
71782
69937
68506
70432
68947
67048
70999
71827
67813
69586
70801
69559
67642
64771
68839
70180
68983
68695
68038
70423
70090
69838
69280
72268
69244
67705
70783
69316
69928
68731
67921
70432
72997
70576
68596
70027
66796
68191
66211
70828
69262
72313
72259
69838
68632
71854
64762
69199
70027
67624
69442
69181
66094
72664
71197
71107
68569
69388
65473
70090
70000
70414
70459
68029
68731
69811
74050
70459
71827
70225
71449
68218
69559
68686
71368
70324
68227
69109
69595
68956
67498
68227
68209
70000
71944
70603
71809
72349
68200
72358
69847
69361
70954
67174
71044
68938
67840
72655
67822
71395
70783
67156
68173
68173
70036
70270
70405
67480
69073
70594
68191
69028
68938
68218
69784
68605
69775
70081
70153
72340
70909
68974
72583
69253
71647
71287
69064
73087
71332
71494
67183
69721
70279
72790
69478
68371
70918
71737
68677
69820
69415
73114
69766
68668
71062
71629
69973
72187
71953
69820
71116
70324
70819
67498
73042
68200
71116
70072
70072
69163
67678
71125
70801
70045
69469
72151
68020
68317
67480
67714
74005
71125
69289
71224
70018
71845
73987
71620
68155
69181
67930
67840
71314
70207
70153
71152
71269
74329
71197
69631
70171
70990
69550
71917
71674
71368
72646
65509
69325
72214
69856
72916
66580
68290
67741
72196
69586
70567
70180
70369
69739
70729
69793
70099
70387
70855
69244
71926
69181
71170
67021
70369
71089
66265
67714
69082
71782
68263
67741
70504
70288
70612
69568
67705
71935
68722
73708
66715
70999
70828
71431
71584
69748
71107
70684
69550
70747
69748
70360
71503
70234
70819
71008
67543
71170
69847
70495
69811
69811
71575
71278
70729
69379
70972
67732
68101
69379
70189
69424
68605
68632
69361
69874
68857
70441
70621
72286
68398
71755
69847
68200
70549
69496
70009
68722
68290
72403
69379
70090
72583
70333
67858
69082
72484
67057
69559
71728
69172
71989
70954
69334
69973
64789
67156
68767
70351
68407
69298
67057
69514
70531
66760
67219
69487
71440
71890
70117
68425
70495
69955
67282
69838
69604
73339
68695
69730
69640
70612
66211
69406
71377
68317
71017
72340
72754
71719
67012
68992
68443
69136
71782
70999
69361
72574
69496
68092
69298
70648
74365
69073
71476
69586
71035
70324
69631
72268
70306
67579
67021
67921
70774
69649
72259
68389
70117
67714
70288
69487
70567
70927
69073
73159
69874
69127
70315
69748
69010
68632
71989
70936
71062
66805
67579
72124
74140
71215
67804
71296
70288
69541
70963
70351
67948
69082
68830
70000
69829
70324
67840
71836
71827
67840
69946
66553
65734
71233
68272
69064
71017
67381
69280
70765
68632
67678
67282
69388
71224
69649
70207
71989
72304
71323
65788
68263
70504
72979
71215
70990
66004
70801
69028
69712
67201
72763
71161
68659
68128
71944
66175
71800
68227
73771
71404
72988
70783
68740
69559
70180
70252
68821
71602
70846
68902
68398
70423
70621
72340
69739
71107
70549
71800
71458
70090
71251
69766
70558
71044
71539
72070
70432
69136
72070
70333
70603
68965
71647
66220
68164
71530
69145
70612
68947
71737
69757
68947
67210
70279
69910
63952
69199
71566
69694
70333
70126
69199
69829
68992
67255
72214
68425
69433
68848
69127
70855
69433
68596
70252
70648
69874
68857
69793
70522
70909
69667
69847
73141
69199
69865
70684
69730
71431
69379
67831
69676
71980
68731
70639
69694
71143
68290
70810
72943
68497
69775
69703
71323
70396
69910
71161
68065
70531
71557
67813
68326
67507
67975
70693
71467
67165
70927
68821
71467
70504
70198
66967
68875
66724
68551
69820
68938
68821
71818
70486
70612
70270
69406
68497
69523
71296
69172
69631
70288
68578
72043
70441
70009
67426
66823
70207
71395
71323
69613
70729
66643
68713
67417
69973
70792
67507
71611
70243
69883
71413
70162
72673
72853
67408
71665
70036
68605
71395
70828
69010
68821
70117
69442
71170
69217
68263
72853
71647
71422
66697
70486
69496
70000
69865
68695
73690
66778
70630
68920
70171
69370
69046
68821
69550
69154
67084
70819
69919
68974
68830
69280
70333
72574
69523
70864
67507
70234
69172
69604
68119
71071
69433
69559
71629
70279
68065
72106
68515
70639
72079
70603
70837
70648
71647
67120
70504
70333
69325
70810
69253
72385
70099
70981
68164
70252
70576
69955
69406
71332
68308
66625
70927
71314
71080
69595
69748
69838
69964
69892
68074
69982
72079
68686
69109
70162
68758
70837
69739
71161
71647
69649
70324
71089
69478
67993
70810
68227
69406
70414
66211
67318
68326
69370
69397
72115
70522
70648
69064
70153
73249
66661
72088
71152
69271
70432
69577
73069
73699
67453
67318
72448
69793
67327
71962
70306
66922
71584
68146
71053
67984
70486
69055
70891
68551
70774
70117
67552
69289
68614
72529
69973
70090
68776
70441
70054
68272
70918
68245
69955
70486
68434
71566
69181
68659
69631
69874
71521
72295
68299
72259
70342
71098
71161
69811
71098
70324
70693
67120
69937
68551
69532
71800
70018
66454
69100
71827
69055
67165
72376
70648
70648
72763
70414
70144
72934
68992
69370
70504
69892
70180
72205
68803
67444
70477
71881
72241
67471
70063
69838
71953
70504
69442
71737
71098
72727
72673
70702
67453
69766
70945
70495
71755
68578
67453
70792
70216
70918
67282
72223
70306
68650
69127
68830
69649
72880
69541
71431
73600
67381
66958
69145
68425
67624
70918
67246
68182
69280
70189
69793
71953
67993
70477
70729
72997
68380
69397
68083
69352
69334
68479
70495
67174
68803
71503
68110
70702
71350
68002
69973
71719
72619
72115
65779
71116
69046
70918
71188
68425
70360
69892
71152
71584
71152
70693
69406
71485
66346
71206
69856
69253
69667
68173
69199
70990
68227
69379
73150
72727
70468
70918
69919
67966
68668
69163
72781
71098
71674
65815
71674
68425
67831
69244
66931
67786
70675
70558
69235
68389
69685
68965
71071
67174
73672
73627
67003
70189
69298
71305
70234
66661
71044
70684
70252
69190
69541
70261
70675
67192
69559
69856
72259
69541
68092
74140
71566
72835
69982
66994
69919
68983
71953
73555
70882
68470
68470
69514
70432
67822
70747
71359
70450
69721
69082
70306
70747
70549
72862
68164
70783
69181
70405
68119
69505
68011
68866
70423
67993
70360
69910
71044
69352
71341
70702
67813
70981
69217
68227
68128
66994
65797
69730
68641
69811
72304
70567
69586
66958
73447
68686
71773
71953
68740
67390
71467
65860
73006
69109
70630
72421
72421
70054
72250
73177
70315
69181
66913
72997
71539
66130
69217
70882
67777
65851
70243
70234
67903
70927
69793
72169
66877
72961
72214
70864
65482
71845
74041
72259
71800
70423
71305
69847
68002
68623
70945
70414
69748
70864
69649
67651
73240
70954
69703
68272
71053
70477
68695
68011
68875
70522
70216
68830
70081
68038
70252
70594
68767
69775
71368
72304
68335
68749
68560
68047
69388
71638
68209
70891
70981
69595
71278
68092
67291
67786
69082
67525
70513
69865
73123
69343
72142
70333
69550
70009
72961
69622
70153
70936
71278
71863
