10108
10108
10072
10063
10099
10108
10108
10090
10108
10081
10108
10144
10144
10081
10090
10072
10099
10108
10135
10090
10099
10099
10099
10090
10072
10054
10081
10108
10117
10108
10135
10090
10135
10108
10117
10099
10072
10090
10108
10144
10108
10072
10108
10126
10072
10072
10108
10117
10081
10099
10108
10108
10090
10099
10090
10081
10135
10090
10144
10135
10108
10090
10081
10099
10126
10090
10099
10090
10135
10126
10090
10144
10108
10099
10090
10135
10099
10054
10054
10072
10144
10072
10063
10090
10108
10117
10072
10117
10090
10081
10099
10135
10099
10135
10099
10117
10090
10099
10081
10126
